[gd_scene load_steps=33 format=2]

[ext_resource path="res://models/textures/shrek_male_textures/shrek_m.tres" type="Material" id=1]
[ext_resource path="res://models/gltf/shrek_male.glb" type="PackedScene" id=2]
[ext_resource path="res://models/gltf/shrek_male_haircuts/the_duelist.glb" type="PackedScene" id=3]
[ext_resource path="res://models/gltf/shrek_male_haircuts/spikey.glb" type="PackedScene" id=4]
[ext_resource path="res://models/gltf/shrek_male_haircuts/slim_jim.glb" type="PackedScene" id=5]
[ext_resource path="res://models/gltf/shrek_male_haircuts/haircubes.glb" type="PackedScene" id=6]
[ext_resource path="res://models/gltf/shrek_male_haircuts/buzzsaw.glb" type="PackedScene" id=7]
[ext_resource path="res://models/gltf/shrek_male_haircuts/the_apex.glb" type="PackedScene" id=8]
[ext_resource path="res://models/gltf/shrek_male_haircuts/bassdrop.glb" type="PackedScene" id=9]
[ext_resource path="res://models/gltf/shrek_male_haircuts/five_dollar_milkshake.glb" type="PackedScene" id=10]
[ext_resource path="res://models/gltf/shrek_male_haircuts/pompadorable.glb" type="PackedScene" id=11]
[ext_resource path="res://base_items/knife.tscn" type="PackedScene" id=12]
[ext_resource path="res://base_items/fan.tscn" type="PackedScene" id=13]
[ext_resource path="res://base_items/autosniper.tscn" type="PackedScene" id=14]
[ext_resource path="res://base_items/biggoron sword.tscn" type="PackedScene" id=15]
[ext_resource path="res://base_items/bow.tscn" type="PackedScene" id=16]
[ext_resource path="res://base_items/coppershortsword.tscn" type="PackedScene" id=17]
[ext_resource path="res://base_items/energy sword.tscn" type="PackedScene" id=18]
[ext_resource path="res://base_items/zweihander.tscn" type="PackedScene" id=19]
[ext_resource path="res://base_items/jawblade.tscn" type="PackedScene" id=20]
[ext_resource path="res://base_items/minishark.tscn" type="PackedScene" id=21]
[ext_resource path="res://base_items/super sledge.tscn" type="PackedScene" id=22]
[ext_resource path="res://base_items/sydney sleeper.tscn" type="PackedScene" id=23]
[ext_resource path="res://base_items/moist nugget.tscn" type="PackedScene" id=24]
[ext_resource path="res://base_items/stop sign.tscn" type="PackedScene" id=25]
[ext_resource path="res://base_items/frying pan.tscn" type="PackedScene" id=26]
[ext_resource path="res://models/godot/helms/light_helmet_shrek.tscn" type="PackedScene" id=27]
[ext_resource path="res://models/godot/helms/heavy_helmet_shrek.tscn" type="PackedScene" id=28]
[ext_resource path="res://models/godot/helms/medium_helmet_shrek.tscn" type="PackedScene" id=29]
[ext_resource path="res://models/godot/coat_female.tscn" type="PackedScene" id=30]
[ext_resource path="res://base_items/armor1.tscn" type="PackedScene" id=31]
[ext_resource path="res://models/godot/samurai_armor.tscn" type="PackedScene" id=32]

[node name="shrek_male" instance=ExtResource( 2 )]

[node name="mesh" parent="game_rig/Skeleton" index="0"]
material/0 = ExtResource( 1 )

[node name="Hairs" type="BoneAttachment" parent="game_rig/Skeleton" index="1"]
transform = Transform( 0.999998, 1.86265e-09, 3.57628e-07, -3.53903e-08, 0.994776, -0.102076, 1.49012e-08, 0.102076, 0.994776, 0.023375, 1.57987, 0.0188824 )
bone_name = "DEF-spine.006"

[node name="bassdrop" parent="game_rig/Skeleton/Hairs" index="0" instance=ExtResource( 9 )]
transform = Transform( 0.999622, -0.00883391, -0.0259135, 0.0106423, 0.997454, 0.0704997, 0.0252247, -0.0707492, 0.997175, 0.0243601, -1.56493, 0.153492 )
visible = false

[node name="buzzsaw" parent="game_rig/Skeleton/Hairs" index="1" instance=ExtResource( 7 )]
transform = Transform( 0.999622, -0.00883391, -0.0259135, 0.0106423, 0.997454, 0.0704997, 0.0252247, -0.0707492, 0.997175, 0.0162303, -1.55685, 0.143452 )
visible = false

[node name="five_dollar_milkshake" parent="game_rig/Skeleton/Hairs" index="2" instance=ExtResource( 10 )]
transform = Transform( 0.999622, -0.00883391, -0.0259135, 0.0106423, 0.997454, 0.0704997, 0.0252247, -0.0707492, 0.997175, 0.0162303, -1.55685, 0.143452 )
visible = false

[node name="haircubes" parent="game_rig/Skeleton/Hairs" index="3" instance=ExtResource( 6 )]
transform = Transform( 0.999622, -0.00883391, -0.0259135, 0.0106423, 0.997454, 0.0704997, 0.0252247, -0.0707492, 0.997175, 0.0162303, -1.55685, 0.143452 )
visible = false

[node name="pompadorable" parent="game_rig/Skeleton/Hairs" index="4" instance=ExtResource( 11 )]
transform = Transform( 0.999622, -0.00883391, -0.0259135, 0.0106423, 0.997454, 0.0704997, 0.0252247, -0.0707492, 0.997175, 0.0162303, -1.55685, 0.143452 )
visible = false

[node name="slim_jim" parent="game_rig/Skeleton/Hairs" index="5" instance=ExtResource( 5 )]
transform = Transform( 0.999622, -0.00883391, -0.0259135, 0.0106423, 0.997454, 0.0704997, 0.0252247, -0.0707492, 0.997175, 0.0162303, -1.55685, 0.143452 )
visible = false

[node name="spikey" parent="game_rig/Skeleton/Hairs" index="6" instance=ExtResource( 4 )]
transform = Transform( 0.999622, -0.00883391, -0.0259135, 0.0106423, 0.997454, 0.0704997, 0.0252247, -0.0707492, 0.997175, 0.0162303, -1.55685, 0.143452 )
visible = false

[node name="the_apex" parent="game_rig/Skeleton/Hairs" index="7" instance=ExtResource( 8 )]
transform = Transform( 0.999622, -0.00883392, -0.0259135, 0.0106423, 0.997454, 0.0704997, 0.0252247, -0.0707492, 0.997175, 0.0162303, -1.55685, 0.143452 )
visible = false

[node name="the_duelist" parent="game_rig/Skeleton/Hairs" index="8" instance=ExtResource( 3 )]
transform = Transform( 0.999622, -0.00883391, -0.0259135, 0.0106423, 0.997454, 0.0704997, 0.0252247, -0.0707492, 0.997175, 0.0162303, -1.55685, 0.143452 )
visible = false

[node name="weapons" type="BoneAttachment" parent="game_rig/Skeleton" index="2"]
transform = Transform( -0.869054, -0.326287, 0.371854, 0.452593, -0.827877, 0.331326, 0.199743, 0.456242, 0.867144, -0.259692, 0.9277, -0.0346248 )
bone_name = "DEF-hand.R"

[node name="fan" parent="game_rig/Skeleton/weapons" index="0" instance=ExtResource( 13 )]
transform = Transform( 0.12587, 0.00354608, -0.155384, 0.0855127, 0.165385, 0.0730449, 0.129785, -0.112408, 0.102569, 0.00954831, 0.0794877, -0.0151786 )
visible = false

[node name="frying pan" parent="game_rig/Skeleton/weapons" index="1" instance=ExtResource( 26 )]
transform = Transform( 0.198148, 0.0092191, -0.0255441, -0.00900301, 0.199786, 0.00226361, 0.0256211, -0.0010924, 0.19835, 0.0296664, 0.17099, -0.0474213 )
visible = false

[node name="coppershortsword" parent="game_rig/Skeleton/weapons" index="2" instance=ExtResource( 17 )]
transform = Transform( 0.191892, 0.0561472, -0.00499311, -0.0371291, 0.13923, 0.138696, 0.0424125, -0.132147, 0.144009, 0.0108564, 0.0970195, -0.0142207 )
visible = false

[node name="knife" parent="game_rig/Skeleton/weapons" index="3" instance=ExtResource( 12 )]
transform = Transform( 0.0648563, 0.0250756, -0.00805559, -0.0239609, 0.0650639, 0.00962056, 0.0109338, -0.00615622, 0.0688663, 0.0335454, 0.10921, -0.032037 )
visible = false

[node name="energy sword" parent="game_rig/Skeleton/weapons" index="4" instance=ExtResource( 18 )]
transform = Transform( -0.10791, 0.0764352, -0.0708033, 0.100119, 0.104285, -0.0400086, 0.0288384, -0.0760406, -0.126041, -0.00185621, 0.0554082, -0.00293911 )
visible = false

[node name="stop sign" parent="game_rig/Skeleton/weapons" index="5" instance=ExtResource( 25 )]
transform = Transform( 0.527505, 0.721152, -0.44909, -0.0542273, 0.556123, 0.829329, 0.84782, -0.413123, 0.332464, 0.0960362, 0.110197, -0.0434843 )
visible = false

[node name="biggoron sword" parent="game_rig/Skeleton/weapons" index="6" instance=ExtResource( 15 )]
transform = Transform( 0.0177619, 0.210027, -0.141702, 0.0982102, 0.176429, 0.128532, 0.173319, -0.121497, -0.05831, -0.0288042, 0.0900722, -0.00277305 )
visible = false

[node name="jawblade" parent="game_rig/Skeleton/weapons" index="7" instance=ExtResource( 20 )]
transform = Transform( -0.301222, 1.35517, 1.43973, -1.29581, 0.964668, -1.17911, -1.49337, -1.1104, 0.732725, -0.190517, -0.066793, 0.137651 )
visible = false

[node name="zweihander" parent="game_rig/Skeleton/weapons" index="8" instance=ExtResource( 19 )]
transform = Transform( -0.0607812, 0.23512, -0.317844, 0.294294, 0.241643, 0.122474, 0.264002, -0.215238, -0.209704, 0.0395824, 0.06262, -0.0477439 )
visible = false

[node name="super sledge" parent="game_rig/Skeleton/weapons" index="9" instance=ExtResource( 22 )]
transform = Transform( 0.401594, 0.650418, 0.644732, -0.744128, 0.642119, -0.184276, -0.533852, -0.40576, 0.741864, -0.00457191, 0.00152519, -0.00522333 )
visible = false

[node name="bow" parent="game_rig/Skeleton/weapons" index="10" instance=ExtResource( 16 )]
transform = Transform( -0.111499, 1.73843, 0.98257, -1.83511, 0.298824, -0.73694, -0.787365, -0.942645, 1.57844, 0.0504192, -0.0033243, 0.0829197 )
visible = false

[node name="sydney sleeper" parent="game_rig/Skeleton/weapons" index="11" instance=ExtResource( 23 )]
transform = Transform( -0.106297, 0.223463, -0.0355683, 0.0784905, -0.000443168, -0.237359, -0.212227, -0.112089, -0.0699705, 0.144882, -0.0831007, 0.210279 )
visible = false

[node name="moist nugget" parent="game_rig/Skeleton/weapons" index="12" instance=ExtResource( 24 )]
transform = Transform( -0.116379, 0.219551, -0.0274459, 0.0990752, 0.023981, -0.228274, -0.197839, -0.117142, -0.0981717, 0.191863, -0.112521, 0.300615 )
visible = false

[node name="autosniper" parent="game_rig/Skeleton/weapons" index="13" instance=ExtResource( 14 )]
transform = Transform( -0.0087547, 0.0337602, 0.0195859, -0.0373759, -0.00146951, -0.0141736, -0.011243, -0.0214031, 0.0318671, 0.187957, -0.0985185, 0.311397 )
visible = false

[node name="minishark" parent="game_rig/Skeleton/weapons" index="14" instance=ExtResource( 21 )]
transform = Transform( -0.370841, 0.669526, -0.232834, 0.226251, -0.13723, -0.75497, -0.671781, -0.415815, -0.125738, -0.120689, 0.0255892, 0.0587521 )
visible = false

[node name="headgear" type="BoneAttachment" parent="game_rig/Skeleton" index="3"]
transform = Transform( 0.999998, 1.86265e-09, 3.57628e-07, -3.53903e-08, 0.994776, -0.102076, 1.49012e-08, 0.102076, 0.994776, 0.023375, 1.57987, 0.0188824 )
bone_name = "DEF-spine.006"

[node name="heavy_helmet" parent="game_rig/Skeleton/headgear" index="0" instance=ExtResource( 28 )]
transform = Transform( 0.999999, 0, 0, 2.81997e-14, 1, -6.70552e-08, 6.21725e-15, 0, 1, -2.23517e-08, 0.216261, 0.0820782 )
visible = false

[node name="light_helmet" parent="game_rig/Skeleton/headgear" index="1" instance=ExtResource( 27 )]
transform = Transform( 1, 0, 0, 2.13163e-14, 1, -5.21541e-08, 5.32907e-15, 0, 1, -1.67638e-08, 0.184144, 0.0812894 )
visible = false

[node name="medium_helmet" parent="game_rig/Skeleton/headgear" index="2" instance=ExtResource( 29 )]
transform = Transform( 1, 0, 0, 2.4647e-14, 1, -5.96046e-08, 5.32907e-15, 0, 1, -1.86265e-09, 0.151937, 0.0392129 )
visible = false

[node name="armors" type="Spatial" parent="." index="2"]

[node name="armor1" parent="armors" index="0" instance=ExtResource( 31 )]
visible = false

[node name="coat" parent="armors" index="1" instance=ExtResource( 30 )]
visible = false

[node name="samurai_armor" parent="armors" index="2" instance=ExtResource( 32 )]
visible = false
